51 14 67 42 50 43 14 25 90 91 69 91 57 92 9
99 72 26 7 42 9 83 36 78 81 43 76 15 32 7 9 41 74 23 27 60 53 7 53 27 96 38 89 34
69 72 76 63 13 82 97 91 25 38 21 79 41 47 90 60 95 16 94 6 72 86 86 39 31 81 50 34 4
69 25 52 22 89 32 25 87 35 40 30 12 31
30 64 99 14 93 96 71 67 23 79 85 37 8 51 74 50 98 74 86 76 84 46 17 62 46
35 94 79 24 87 7 93 79 23 26 32 7 27 42 5 70 16 24 32 21 55 75
83 89 39 54
9 71 98 48 77 83 56 39 68 1 40 30 94 89 16 88 54 75 48 20 67 93 36 52 22 49
59 84 11 55 8 46 85 66 77 46
72 44 32 36 45 14
